Size, Runtime
10, 2e-06
10, 1.3e-06
10, 1.5e-06
10, 1.3e-06
10, 1.3e-06
10, 1.5e-06
10, 1.4e-06
10, 1.2e-06
10, 1.6e-06
10, 1.3e-06
10, 1.4e-06
10, 1.3e-06
10, 1.4e-06
10, 1.2e-06
10, 1.4e-06
10, 1.4e-06
10, 1.2e-06
10, 1.3e-06
10, 1.3e-06
10, 1.3e-06
10, 1.3e-06
10, 1.3e-06
10, 1.3e-06
10, 1.3e-06
10, 1.3e-06
10, 1.4e-06
10, 1.2e-06
10, 1.4e-06
10, 1.3e-06
10, 1.2e-06
10, 1.5e-06
10, 1.3e-06
10, 1.4e-06
10, 1.4e-06
10, 1.4e-06
10, 1.2e-06
10, 1.2e-06
10, 1.2e-06
10, 1.3e-06
10, 1.2e-06
10, 1.4e-06
10, 1.3e-06
10, 1.2e-06
10, 1.2e-06
10, 1.3e-06
10, 1.3e-06
10, 1.3e-06
10, 1.2e-06
10, 1.3e-06
10, 1.4e-06
100, 7.5e-05
100, 7.49e-05
100, 8.58e-05
100, 8.53e-05
100, 7.48e-05
100, 7.47e-05
100, 7.48e-05
100, 8.56e-05
100, 7.47e-05
100, 8.25e-05
100, 7.51e-05
100, 7.47e-05
100, 7.48e-05
100, 8.6e-05
100, 9.24e-05
100, 8.52e-05
100, 7.48e-05
100, 7.48e-05
100, 8.55e-05
100, 7.49e-05
100, 8.6e-05
100, 7.49e-05
100, 7.49e-05
100, 9.28e-05
100, 7.47e-05
100, 0.0001212
100, 9.08e-05
100, 7.49e-05
100, 9.04e-05
100, 9.36e-05
100, 0.0001026
100, 9.51e-05
100, 9.41e-05
100, 0.0001172
100, 7.47e-05
100, 7.47e-05
100, 8.61e-05
100, 7.48e-05
100, 7.48e-05
100, 8.57e-05
100, 8.57e-05
100, 7.46e-05
100, 7.49e-05
100, 8.56e-05
100, 7.47e-05
100, 7.47e-05
100, 7.48e-05
100, 7.5e-05
100, 7.48e-05
100, 7.5e-05
1000, 0.0074524
1000, 0.0075448
1000, 0.0074443
1000, 0.0074165
1000, 0.0076764
1000, 0.0074292
1000, 0.0075245
1000, 0.0074252
1000, 0.0074516
1000, 0.0075389
1000, 0.0074609
1000, 0.0074099
1000, 0.0074367
1000, 0.0074114
1000, 0.0074121
1000, 0.0074129
1000, 0.0074698
1000, 0.0074465
1000, 0.0074836
1000, 0.0074214
1000, 0.0075395
1000, 0.0074091
1000, 0.0074052
1000, 0.007411
1000, 0.0075564
1000, 0.0075549
1000, 0.0074644
1000, 0.0075715
1000, 0.0075529
1000, 0.0075781
1000, 0.0074096
1000, 0.0076344
1000, 0.0074235
1000, 0.0074967
1000, 0.0073864
1000, 0.007423
1000, 0.0073995
1000, 0.0074478
1000, 0.0073952
1000, 0.0074222
1000, 0.0074056
1000, 0.0074141
1000, 0.0073954
1000, 0.0074057
1000, 0.0074056
1000, 0.0076201
1000, 0.0075448
1000, 0.0078373
1000, 0.0075754
1000, 0.0074456
10000, 0.755857
10000, 0.766522
10000, 0.752062
10000, 0.750308
10000, 0.750291
10000, 0.754483
10000, 0.749198
10000, 0.746898
10000, 0.754745
10000, 0.789846
10000, 0.763853
10000, 0.75269
10000, 0.771623
10000, 0.750934
10000, 0.745745
10000, 0.747585
10000, 0.747479
10000, 0.746706
10000, 0.745828
10000, 0.7481
10000, 0.748666
10000, 0.750725
10000, 0.755644
10000, 0.746539
10000, 0.748671
10000, 0.753654
10000, 0.751987
10000, 0.751782
10000, 0.770363
10000, 0.756921
10000, 0.746234
10000, 0.746637
10000, 0.747671
10000, 0.746722
10000, 0.745408
10000, 0.745583
10000, 0.746529
10000, 0.746027
10000, 0.763686
10000, 0.792472
10000, 0.751016
10000, 0.780249
10000, 0.756154
10000, 0.759732
10000, 0.813079
10000, 0.774423
10000, 0.791374
10000, 0.766919
10000, 0.753234
10000, 0.771792
