Size, Runtime
10, 9e-07
10, 5e-07
10, 4e-07
10, 5e-07
10, 5e-07
10, 5e-07
10, 4e-07
10, 4e-07
10, 4e-07
10, 4e-07
10, 4e-07
10, 4e-07
10, 4e-07
10, 4e-07
10, 4e-07
10, 4e-07
10, 4e-07
10, 4e-07
10, 4e-07
10, 4e-07
10, 6e-07
10, 4e-07
10, 4e-07
10, 4e-07
10, 4e-07
10, 4e-07
10, 5e-07
10, 4e-07
10, 5e-07
10, 5e-07
10, 4e-07
10, 4e-07
10, 4e-07
10, 5e-07
10, 4e-07
10, 4e-07
10, 4e-07
10, 3e-07
10, 4e-07
10, 6e-07
10, 4e-07
10, 5e-07
10, 5e-07
10, 5e-07
10, 4e-07
10, 4e-07
10, 4e-07
10, 5e-07
10, 4e-07
10, 5e-07
100, 8e-07
100, 9e-07
100, 8e-07
100, 8e-07
100, 8.5e-06
100, 9e-07
100, 9e-07
100, 8e-07
100, 9e-07
100, 8e-07
100, 8e-07
100, 8e-07
100, 8e-07
100, 8e-07
100, 8e-07
100, 9e-07
100, 9e-07
100, 8e-07
100, 8e-07
100, 9e-07
100, 8e-07
100, 8e-07
100, 9e-07
100, 9e-07
100, 9e-07
100, 8e-07
100, 8e-07
100, 8e-07
100, 8e-07
100, 9e-07
100, 9e-07
100, 1.1e-06
100, 9e-07
100, 8e-07
100, 8e-07
100, 9e-07
100, 9e-07
100, 9e-07
100, 8e-07
100, 8e-07
100, 8e-07
100, 9e-07
100, 9e-07
100, 9e-07
100, 9e-07
100, 8e-07
100, 8e-07
100, 9e-07
100, 9e-07
100, 9e-07
1000, 5.5e-06
1000, 5.1e-06
1000, 5.1e-06
1000, 5.1e-06
1000, 5e-06
1000, 5.1e-06
1000, 5.1e-06
1000, 5.2e-06
1000, 5.1e-06
1000, 5e-06
1000, 5.2e-06
1000, 5.1e-06
1000, 5e-06
1000, 5.1e-06
1000, 5.1e-06
1000, 5.1e-06
1000, 5.1e-06
1000, 5e-06
1000, 5.1e-06
1000, 5.1e-06
1000, 5e-06
1000, 5.1e-06
1000, 5e-06
1000, 5e-06
1000, 5.1e-06
1000, 5.1e-06
1000, 5.2e-06
1000, 5.1e-06
1000, 5.2e-06
1000, 5.2e-06
1000, 5e-06
1000, 5e-06
1000, 5e-06
1000, 5e-06
1000, 5.3e-06
1000, 5.1e-06
1000, 5e-06
1000, 5.1e-06
1000, 5e-06
1000, 5.1e-06
1000, 5e-06
1000, 5.1e-06
1000, 5.1e-06
1000, 5.1e-06
1000, 5.1e-06
1000, 5.1e-06
1000, 5.1e-06
1000, 5e-06
1000, 5.1e-06
1000, 5.1e-06
10000, 6.66e-05
10000, 6.74e-05
10000, 5.79e-05
10000, 5.78e-05
10000, 5.8e-05
10000, 4.72e-05
10000, 5.8e-05
10000, 4.72e-05
10000, 4.66e-05
10000, 5.83e-05
10000, 5.81e-05
10000, 4.72e-05
10000, 4.65e-05
10000, 4.67e-05
10000, 5.83e-05
10000, 5.78e-05
10000, 5.77e-05
10000, 5.78e-05
10000, 6.9e-05
10000, 4.72e-05
10000, 4.75e-05
10000, 4.72e-05
10000, 5.87e-05
10000, 4.71e-05
10000, 4.71e-05
10000, 4.67e-05
10000, 5.83e-05
10000, 4.69e-05
10000, 5.48e-05
10000, 5.82e-05
10000, 5.84e-05
10000, 5.78e-05
10000, 4.71e-05
10000, 4.67e-05
10000, 4.71e-05
10000, 4.67e-05
10000, 4.67e-05
10000, 5.83e-05
10000, 5.77e-05
10000, 4.71e-05
10000, 4.65e-05
10000, 4.71e-05
10000, 4.72e-05
10000, 5.83e-05
10000, 4.71e-05
10000, 5.5e-05
10000, 5.84e-05
10000, 5.76e-05
10000, 4.7e-05
10000, 4.7e-05
