Size, Runtime
10, 2.2e-06
10, 1.6e-06
10, 1.6e-06
10, 1.3e-06
10, 1.7e-06
10, 1.5e-06
10, 1.4e-06
10, 1.5e-06
10, 1.2e-06
10, 1.2e-06
10, 1.6e-06
10, 1.2e-06
10, 1.2e-06
10, 1.4e-06
10, 1.3e-06
10, 1.5e-06
10, 1.2e-06
10, 1.8e-06
10, 1.7e-06
10, 1.6e-06
10, 1.7e-06
10, 1.8e-06
10, 1.5e-06
10, 1.3e-06
10, 1.4e-06
10, 1.3e-06
10, 1.7e-06
10, 1.7e-06
10, 1.6e-06
10, 1.7e-06
10, 1.8e-06
10, 1.5e-06
10, 1.4e-06
10, 1.4e-06
10, 1.3e-06
10, 1.7e-06
10, 1.5e-06
10, 1.6e-06
10, 1.4e-06
10, 1.6e-06
10, 1.2e-06
10, 1.8e-06
10, 1.4e-06
10, 1.7e-06
10, 1.1e-06
10, 1.7e-06
10, 1.4e-06
10, 1.5e-06
10, 1.4e-06
10, 1.5e-06
100, 9.87e-05
100, 8.16e-05
100, 9.36e-05
100, 9.78e-05
100, 9.48e-05
100, 7.63e-05
100, 8.29e-05
100, 9.38e-05
100, 7.74e-05
100, 9.33e-05
100, 7.49e-05
100, 8.28e-05
100, 7.74e-05
100, 7.39e-05
100, 8.03e-05
100, 8.69e-05
100, 8.41e-05
100, 8.07e-05
100, 7.72e-05
100, 9.21e-05
100, 9.65e-05
100, 7.63e-05
100, 0.0001448
100, 8.53e-05
100, 7.4e-05
100, 9.13e-05
100, 8.56e-05
100, 8.12e-05
100, 9.39e-05
100, 8.4e-05
100, 8.57e-05
100, 9.06e-05
100, 8.8e-05
100, 8.26e-05
100, 0.0001007
100, 9.54e-05
100, 8.18e-05
100, 8.19e-05
100, 9.44e-05
100, 8.56e-05
100, 8.21e-05
100, 8.5e-05
100, 7.98e-05
100, 7.08e-05
100, 9.94e-05
100, 0.0001258
100, 8.14e-05
100, 8.53e-05
100, 9.34e-05
100, 9.03e-05
1000, 0.0085829
1000, 0.0070333
1000, 0.0072577
1000, 0.007046
1000, 0.0072418
1000, 0.0069513
1000, 0.0071978
1000, 0.0070424
1000, 0.0080939
1000, 0.0073123
1000, 0.0071662
1000, 0.0072899
1000, 0.0071285
1000, 0.007223
1000, 0.007184
1000, 0.0072662
1000, 0.0071329
1000, 0.0071553
1000, 0.006818
1000, 0.0074405
1000, 0.0072526
1000, 0.0072881
1000, 0.0069703
1000, 0.0073064
1000, 0.0069394
1000, 0.0070358
1000, 0.0074562
1000, 0.0072271
1000, 0.0071374
1000, 0.007148
1000, 0.0071487
1000, 0.0069866
1000, 0.0074077
1000, 0.0072437
1000, 0.0071777
1000, 0.0072231
1000, 0.0073777
1000, 0.0071836
1000, 0.0069889
1000, 0.0071938
1000, 0.007231
1000, 0.0073506
1000, 0.0071602
1000, 0.0072036
1000, 0.0071694
1000, 0.0072113
1000, 0.0069791
1000, 0.0075038
1000, 0.0073676
1000, 0.0077509
10000, 0.749307
10000, 0.736332
10000, 0.735444
10000, 0.740842
10000, 0.73991
10000, 0.73514
10000, 0.741568
10000, 0.73085
10000, 0.746266
10000, 0.740381
10000, 0.734966
10000, 0.737055
10000, 0.735236
10000, 0.739272
10000, 0.740359
10000, 0.727377
10000, 0.749225
10000, 0.730292
10000, 0.737575
10000, 0.734145
10000, 0.961114
10000, 0.823049
10000, 0.83336
10000, 0.800256
10000, 0.800303
10000, 0.786475
10000, 0.777023
10000, 0.772699
10000, 0.745896
10000, 0.770435
10000, 0.769244
10000, 0.758339
10000, 0.761926
10000, 0.758883
10000, 0.754146
10000, 0.757259
10000, 0.758818
10000, 0.751793
10000, 0.859915
10000, 0.817127
10000, 0.776799
10000, 0.7742
10000, 0.80393
10000, 0.844204
10000, 0.756336
10000, 0.789181
10000, 0.786224
10000, 0.84202
10000, 0.754482
10000, 0.751238
