Size, Runtime
10, 1.6e-06
10, 1e-06
10, 1.1e-06
10, 1.1e-06
10, 1e-06
10, 1e-06
10, 1.1e-06
10, 1e-06
10, 1.1e-06
10, 9e-07
10, 9e-07
10, 1e-06
10, 1.1e-06
10, 1e-06
10, 1e-06
10, 1.1e-06
10, 9e-07
10, 1e-06
10, 9e-07
10, 9e-07
10, 1e-06
10, 1e-06
10, 1.2e-06
10, 1.2e-06
10, 1.2e-06
10, 1.2e-06
10, 1.3e-06
10, 1.1e-06
10, 1.1e-06
10, 1e-06
10, 1.1e-06
10, 1.1e-06
10, 1.1e-06
10, 9e-07
10, 1e-06
10, 9e-07
10, 9e-07
10, 1e-06
10, 9e-07
10, 9e-07
10, 9e-07
10, 1e-06
10, 9e-07
10, 9e-07
10, 9e-07
10, 1e-06
10, 9e-07
10, 9e-07
10, 9e-07
10, 1e-06
100, 5.56e-05
100, 5.53e-05
100, 4.5e-05
100, 4.48e-05
100, 5.63e-05
100, 4.49e-05
100, 4.5e-05
100, 5.67e-05
100, 5.56e-05
100, 4.5e-05
100, 4.48e-05
100, 5.55e-05
100, 4.48e-05
100, 4.49e-05
100, 4.48e-05
100, 4.48e-05
100, 4.47e-05
100, 4.47e-05
100, 4.47e-05
100, 6.46e-05
100, 4.46e-05
100, 4.49e-05
100, 4.49e-05
100, 4.48e-05
100, 4.48e-05
100, 4.46e-05
100, 4.48e-05
100, 4.47e-05
100, 4.46e-05
100, 4.46e-05
100, 5.56e-05
100, 4.47e-05
100, 4.47e-05
100, 4.46e-05
100, 4.48e-05
100, 4.47e-05
100, 4.48e-05
100, 5.54e-05
100, 4.48e-05
100, 4.48e-05
100, 5.61e-05
100, 4.48e-05
100, 5.55e-05
100, 4.48e-05
100, 4.46e-05
100, 4.47e-05
100, 4.46e-05
100, 5.56e-05
100, 5.48e-05
100, 4.47e-05
1000, 0.0044666
1000, 0.004426
1000, 0.0049432
1000, 0.0045497
1000, 0.0044472
1000, 0.0044619
1000, 0.0045921
1000, 0.0045799
1000, 0.0044945
1000, 0.0044812
1000, 0.0046287
1000, 0.0050274
1000, 0.0044429
1000, 0.0044637
1000, 0.0048816
1000, 0.0058581
1000, 0.0047281
1000, 0.004633
1000, 0.0048455
1000, 0.0052665
1000, 0.0044475
1000, 0.0044403
1000, 0.0066739
1000, 0.0056515
1000, 0.0047892
1000, 0.0048015
1000, 0.004463
1000, 0.005613
1000, 0.0048224
1000, 0.0046383
1000, 0.0044645
1000, 0.0054394
1000, 0.0047261
1000, 0.0048062
1000, 0.0050448
1000, 0.0065537
1000, 0.0047327
1000, 0.004717
1000, 0.0065958
1000, 0.006203
1000, 0.0044359
1000, 0.0044831
1000, 0.0046131
1000, 0.005859
1000, 0.0048302
1000, 0.0044743
1000, 0.004442
1000, 0.0053601
1000, 0.0050678
1000, 0.0046901
10000, 0.471865
10000, 0.457736
10000, 0.447889
10000, 0.456518
10000, 0.444998
10000, 0.452667
10000, 0.469121
10000, 0.466847
10000, 0.44721
10000, 0.461186
10000, 0.445425
10000, 0.444967
10000, 0.448831
10000, 0.467292
10000, 0.44679
10000, 0.445317
10000, 0.447144
10000, 0.44408
10000, 0.449378
10000, 0.479312
10000, 0.464515
10000, 0.45043
10000, 0.502133
10000, 0.56079
10000, 0.660749
10000, 0.592968
10000, 0.577614
10000, 0.508366
10000, 0.498113
10000, 0.490637
10000, 0.502882
10000, 0.526476
10000, 0.496001
10000, 0.481476
10000, 0.473823
10000, 0.465509
10000, 0.460835
10000, 0.461101
10000, 0.457927
10000, 0.458006
10000, 0.458004
10000, 0.456641
10000, 0.460318
10000, 0.455626
10000, 0.460173
10000, 0.457663
10000, 0.454981
10000, 0.456924
10000, 0.4574
10000, 0.465237
