Size, Runtime
10, 1.2e-06
10, 4e-07
10, 4e-07
10, 4e-07
10, 6e-07
10, 4e-07
10, 5e-07
10, 4e-07
10, 4e-07
10, 5e-07
10, 5e-07
10, 4e-07
10, 5e-07
10, 5e-07
10, 6e-07
10, 4e-07
10, 5e-07
10, 4e-07
10, 4e-07
10, 4e-07
10, 4e-07
10, 4e-07
10, 5e-07
10, 5e-07
10, 4e-07
10, 5e-07
10, 4e-07
10, 4e-07
10, 5e-07
10, 5e-07
10, 4e-07
10, 4e-07
10, 4e-07
10, 4e-07
10, 5e-07
10, 3e-07
10, 4e-07
10, 4e-07
10, 4e-07
10, 4e-07
10, 4e-07
10, 4e-07
10, 4e-07
10, 4e-07
10, 4e-07
10, 6e-07
10, 4e-07
10, 4e-07
10, 4e-07
10, 4e-07
100, 9e-07
100, 8e-07
100, 8e-07
100, 9e-07
100, 8e-07
100, 9e-07
100, 8e-07
100, 9e-07
100, 8e-07
100, 9e-07
100, 8e-07
100, 8e-07
100, 8e-07
100, 9e-07
100, 9e-07
100, 9e-07
100, 8e-07
100, 8e-07
100, 8e-07
100, 8e-07
100, 9e-07
100, 8e-07
100, 8e-07
100, 8e-07
100, 8e-07
100, 8e-07
100, 9e-07
100, 8e-07
100, 8e-07
100, 8e-07
100, 8e-07
100, 8e-07
100, 8e-07
100, 9e-07
100, 8e-07
100, 9e-07
100, 9e-07
100, 8e-07
100, 8e-07
100, 9e-07
100, 8e-07
100, 9e-07
100, 8e-07
100, 9e-07
100, 8e-07
100, 9e-07
100, 1e-06
100, 1e-06
100, 9e-07
100, 9e-07
1000, 5.6e-06
1000, 5.3e-06
1000, 5.1e-06
1000, 5.1e-06
1000, 5.3e-06
1000, 5.1e-06
1000, 5.2e-06
1000, 5.3e-06
1000, 5.1e-06
1000, 5.1e-06
1000, 5.1e-06
1000, 5.3e-06
1000, 5.2e-06
1000, 5.2e-06
1000, 5.2e-06
1000, 5.2e-06
1000, 5.2e-06
1000, 5.2e-06
1000, 5.1e-06
1000, 5.2e-06
1000, 5.3e-06
1000, 5.3e-06
1000, 5.2e-06
1000, 5.1e-06
1000, 5.2e-06
1000, 5.3e-06
1000, 5.2e-06
1000, 5.2e-06
1000, 5.1e-06
1000, 5.2e-06
1000, 5.2e-06
1000, 5.1e-06
1000, 5.3e-06
1000, 5.1e-06
1000, 1.29e-05
1000, 5.2e-06
1000, 5.2e-06
1000, 5.2e-06
1000, 5.1e-06
1000, 5.1e-06
1000, 5.2e-06
1000, 5.2e-06
1000, 5.1e-06
1000, 5.1e-06
1000, 5.3e-06
1000, 5.2e-06
1000, 5.2e-06
1000, 5.1e-06
1000, 5.3e-06
1000, 5.2e-06
10000, 4.87e-05
10000, 5.93e-05
10000, 5.91e-05
10000, 5.68e-05
10000, 4.81e-05
10000, 4.81e-05
10000, 4.81e-05
10000, 5.93e-05
10000, 5.89e-05
10000, 4.83e-05
10000, 4.79e-05
10000, 4.83e-05
10000, 5.92e-05
10000, 5.88e-05
10000, 5.9e-05
10000, 5.87e-05
10000, 4.81e-05
10000, 4.82e-05
10000, 5.93e-05
10000, 4.81e-05
10000, 5.69e-05
10000, 4.82e-05
10000, 5.92e-05
10000, 4.79e-05
10000, 5.89e-05
10000, 4.82e-05
10000, 4.81e-05
10000, 4.78e-05
10000, 4.78e-05
10000, 5.93e-05
10000, 4.8e-05
10000, 4.85e-05
10000, 4.84e-05
10000, 4.81e-05
10000, 4.82e-05
10000, 5.96e-05
10000, 4.82e-05
10000, 4.81e-05
10000, 5.92e-05
10000, 4.82e-05
10000, 4.82e-05
10000, 4.82e-05
10000, 4.81e-05
10000, 5.94e-05
10000, 4.82e-05
10000, 4.77e-05
10000, 5.92e-05
10000, 7.17e-05
10000, 4.83e-05
10000, 4.81e-05
