Size, Runtime
10, 1.2e-06
10, 9e-07
10, 7e-07
10, 9e-07
10, 8e-07
10, 9e-07
10, 1e-06
10, 8e-07
10, 8e-07
10, 9e-07
10, 8e-07
10, 7e-07
10, 7e-07
10, 8e-07
10, 8e-07
10, 8e-07
10, 8e-07
10, 8e-07
10, 8e-07
10, 8e-07
10, 8e-07
10, 1e-06
10, 8e-07
10, 7e-07
10, 7e-07
10, 8e-07
10, 8e-07
10, 7e-07
10, 8e-07
10, 8e-07
10, 8e-07
10, 1e-06
10, 7e-07
10, 8e-07
10, 9e-07
10, 9e-07
10, 8e-07
10, 8e-07
10, 7e-07
10, 7e-07
10, 8e-07
10, 9e-07
10, 7e-07
10, 8e-07
10, 7e-07
10, 8e-07
10, 8e-07
10, 8e-07
10, 7e-07
10, 7e-07
100, 2.49e-05
100, 2.36e-05
100, 2.29e-05
100, 2.23e-05
100, 2.41e-05
100, 2.36e-05
100, 2.23e-05
100, 2.48e-05
100, 2.25e-05
100, 2.26e-05
100, 2.42e-05
100, 2.4e-05
100, 2.37e-05
100, 2.61e-05
100, 2.11e-05
100, 2.63e-05
100, 2.63e-05
100, 2.36e-05
100, 2.12e-05
100, 2.29e-05
100, 2.5e-05
100, 2.12e-05
100, 2.02e-05
100, 2.19e-05
100, 2.37e-05
100, 2.38e-05
100, 3.48e-05
100, 2.09e-05
100, 2.39e-05
100, 2.27e-05
100, 2.33e-05
100, 2.36e-05
100, 2.28e-05
100, 2.36e-05
100, 2.72e-05
100, 2.4e-05
100, 2.18e-05
100, 2.5e-05
100, 2.36e-05
100, 2.5e-05
100, 2.39e-05
100, 2.46e-05
100, 2.23e-05
100, 2.13e-05
100, 2.67e-05
100, 2.34e-05
100, 2.27e-05
100, 2.41e-05
100, 2.46e-05
100, 2.5e-05
1000, 0.0021147
1000, 0.0021307
1000, 0.0022072
1000, 0.0022636
1000, 0.0023796
1000, 0.0022382
1000, 0.002399
1000, 0.0021867
1000, 0.0022417
1000, 0.002367
1000, 0.0024726
1000, 0.0035082
1000, 0.002383
1000, 0.0023036
1000, 0.0024285
1000, 0.0021891
1000, 0.0022638
1000, 0.0023693
1000, 0.0022305
1000, 0.0022546
1000, 0.002201
1000, 0.0022659
1000, 0.0025307
1000, 0.0022224
1000, 0.002241
1000, 0.0023792
1000, 0.0023468
1000, 0.0022552
1000, 0.0024309
1000, 0.0023026
1000, 0.002291
1000, 0.0024203
1000, 0.0022388
1000, 0.0022927
1000, 0.0022456
1000, 0.0024812
1000, 0.0023755
1000, 0.0021705
1000, 0.0022217
1000, 0.0023628
1000, 0.0022211
1000, 0.002329
1000, 0.0026741
1000, 0.0023772
1000, 0.0023594
1000, 0.0022373
1000, 0.0021387
1000, 0.002365
1000, 0.0024017
1000, 0.0024079
10000, 0.222727
10000, 0.219766
10000, 0.271686
10000, 0.232528
10000, 0.229218
10000, 0.228559
10000, 0.254644
10000, 0.292576
10000, 0.315244
10000, 0.263458
10000, 0.249069
10000, 0.294599
10000, 0.270962
10000, 0.244283
10000, 0.279567
10000, 0.262433
10000, 0.246997
10000, 0.24282
10000, 0.270748
10000, 0.244322
10000, 0.257227
10000, 0.247871
10000, 0.252113
10000, 0.248689
10000, 0.250269
10000, 0.234261
10000, 0.236387
10000, 0.263739
10000, 0.243956
10000, 0.23888
10000, 0.248801
10000, 0.251688
10000, 0.241569
10000, 0.245051
10000, 0.246075
10000, 0.24192
10000, 0.238017
10000, 0.270307
10000, 0.24184
10000, 0.235313
10000, 0.228754
10000, 0.22541
10000, 0.231123
10000, 0.223628
10000, 0.233141
10000, 0.241976
10000, 0.24692
10000, 0.246336
10000, 0.24559
10000, 0.244081
