Size, Runtime
10, 1.44e-05
10, 1.27e-05
10, 2.92e-05
10, 1.26e-05
10, 2.58e-05
10, 1.21e-05
10, 2.84e-05
10, 1.29e-05
10, 4.5e-05
10, 1.28e-05
10, 1.26e-05
10, 1.26e-05
10, 1.27e-05
10, 1.21e-05
10, 1.27e-05
10, 1.25e-05
10, 1.3e-05
10, 1.26e-05
10, 1.26e-05
10, 1.24e-05
10, 1.25e-05
10, 1.23e-05
10, 1.24e-05
10, 1.22e-05
10, 1.26e-05
10, 1.22e-05
10, 1.27e-05
10, 1.26e-05
10, 1.25e-05
10, 1.23e-05
10, 1.24e-05
10, 1.23e-05
10, 1.17e-05
10, 1.26e-05
10, 1.22e-05
10, 1.26e-05
10, 1.22e-05
10, 1.24e-05
10, 1.27e-05
10, 1.25e-05
10, 1.25e-05
10, 1.24e-05
10, 1.19e-05
10, 1.27e-05
10, 1.21e-05
10, 1.25e-05
10, 1.19e-05
10, 1.22e-05
10, 1.25e-05
10, 1.22e-05
100, 0.0002329
100, 0.0002214
100, 0.0002312
100, 0.0002397
100, 0.0002208
100, 0.000219
100, 0.0002302
100, 0.0002203
100, 0.0002208
100, 0.0002413
100, 0.0002263
100, 0.0002455
100, 0.0002207
100, 0.0002319
100, 0.0002304
100, 0.0002297
100, 0.0002389
100, 0.000231
100, 0.0002305
100, 0.000237
100, 0.0002287
100, 0.00023
100, 0.0002386
100, 0.0002295
100, 0.0002295
100, 0.0003068
100, 0.0002242
100, 0.0002338
100, 0.0002695
100, 0.000243
100, 0.0003464
100, 0.0002305
100, 0.0003258
100, 0.0002739
100, 0.0002457
100, 0.0002459
100, 0.0002694
100, 0.0002441
100, 0.0002436
100, 0.0002464
100, 0.0002464
100, 0.0002536
100, 0.0002448
100, 0.0002426
100, 0.0004087
100, 0.000266
100, 0.0002253
100, 0.0002371
100, 0.000233
100, 0.0002208
1000, 0.0098295
1000, 0.0094166
1000, 0.0092127
1000, 0.0093769
1000, 0.0094649
1000, 0.0109406
1000, 0.0116344
1000, 0.0125981
1000, 0.0099383
1000, 0.0094182
1000, 0.0096453
1000, 0.0097442
1000, 0.0096565
1000, 0.0094788
1000, 0.0093537
1000, 0.0094991
1000, 0.0101437
1000, 0.0095099
1000, 0.0102974
1000, 0.0094732
1000, 0.0106098
1000, 0.0092419
1000, 0.0097156
1000, 0.0092016
1000, 0.0094112
1000, 0.0092522
1000, 0.009432
1000, 0.0095056
1000, 0.0095062
1000, 0.0093363
1000, 0.0096029
1000, 0.009282
1000, 0.0093422
1000, 0.0093806
1000, 0.0094183
1000, 0.009464
1000, 0.0092914
1000, 0.0091196
1000, 0.0093853
1000, 0.0094672
1000, 0.0094053
1000, 0.0093691
1000, 0.0093141
1000, 0.0093991
1000, 0.0094789
1000, 0.0094066
1000, 0.0095799
1000, 0.0093388
1000, 0.0093392
1000, 0.0093668
10000, 0.845071
10000, 0.771078
10000, 0.745515
10000, 0.766731
10000, 0.765275
10000, 0.738254
10000, 0.736346
10000, 0.737228
10000, 0.744604
10000, 0.762034
10000, 0.752566
10000, 0.753138
10000, 0.784421
10000, 0.754776
10000, 0.746098
10000, 0.765767
10000, 0.750579
10000, 0.74108
10000, 0.740462
10000, 0.739117
10000, 0.756478
10000, 0.738039
10000, 0.742184
10000, 0.742712
10000, 0.743021
10000, 0.741239
10000, 0.743515
10000, 0.739243
10000, 0.738071
10000, 0.742377
10000, 0.739248
10000, 0.778074
10000, 0.741144
10000, 0.754011
10000, 0.826639
10000, 0.749014
10000, 0.739248
10000, 0.739067
10000, 0.740309
10000, 0.739165
10000, 0.741275
10000, 0.767436
10000, 0.743649
10000, 0.740564
10000, 0.748556
10000, 0.749427
10000, 0.74322
10000, 0.743654
10000, 0.744395
10000, 0.73985
