Size, Runtime
10, 1.05e-05
10, 1.04e-05
10, 9.7e-06
10, 9.8e-06
10, 9.1e-06
10, 8.6e-06
10, 9.1e-06
10, 2.55e-05
10, 7.7e-06
10, 3.62e-05
10, 9.7e-06
10, 3.07e-05
10, 2.2e-05
10, 2.64e-05
10, 9.4e-06
10, 6.15e-05
10, 9.1e-06
10, 8.9e-06
10, 3.78e-05
10, 9.17e-05
10, 8.7e-06
10, 9.2e-06
10, 9.8e-06
10, 7.2e-06
10, 8.6e-06
10, 8.8e-06
10, 8.8e-06
10, 8.2e-06
10, 9.6e-06
10, 9.4e-06
10, 8.8e-06
10, 2.8e-05
10, 8e-06
10, 4.94e-05
10, 2.72e-05
10, 2.59e-05
10, 2.54e-05
10, 1e-05
10, 1.11e-05
10, 9.3e-06
10, 1.03e-05
10, 8.43e-05
10, 8.9e-06
10, 2.55e-05
10, 3.8e-05
10, 2.52e-05
10, 8.6e-06
10, 8.2e-06
10, 1.07e-05
10, 2.57e-05
100, 0.0001556
100, 0.001052
100, 0.000259
100, 0.000138
100, 0.0001693
100, 0.0001647
100, 0.0001676
100, 0.0001362
100, 0.0002606
100, 0.0001647
100, 0.0003439
100, 0.0001926
100, 0.0001058
100, 0.0001586
100, 0.0001836
100, 0.0001422
100, 9.52e-05
100, 9.32e-05
100, 9.48e-05
100, 0.0008069
100, 0.0001082
100, 0.000164
100, 9.69e-05
100, 0.0001277
100, 0.0002894
100, 0.0001243
100, 0.000102
100, 0.0001559
100, 9.29e-05
100, 0.0013113
100, 0.0001495
100, 0.000113
100, 0.0001796
100, 0.0001112
100, 0.000113
100, 9.46e-05
100, 0.0001276
100, 0.0001274
100, 0.0001857
100, 9.04e-05
100, 0.0001515
100, 8.89e-05
100, 0.0001129
100, 0.0001432
100, 0.000143
100, 0.0001133
100, 0.0001171
100, 0.0001108
100, 0.0001029
100, 9.4e-05
1000, 0.0011357
1000, 0.0011558
1000, 0.0010944
1000, 0.0013252
1000, 0.0011731
1000, 0.001114
1000, 0.0011706
1000, 0.0011176
1000, 0.0023933
1000, 0.0010992
1000, 0.0011
1000, 0.0012657
1000, 0.0012147
1000, 0.0012101
1000, 0.001118
1000, 0.0011205
1000, 0.0011328
1000, 0.0012443
1000, 0.0011329
1000, 0.0011194
1000, 0.0012046
1000, 0.0012024
1000, 0.0032725
1000, 0.0013031
1000, 0.0011461
1000, 0.0011479
1000, 0.0013259
1000, 0.0011354
1000, 0.0011282
1000, 0.0011682
1000, 0.0047612
1000, 0.0016383
1000, 0.0017204
1000, 0.00118
1000, 0.0011487
1000, 0.001128
1000, 0.001305
1000, 0.0011449
1000, 0.0011352
1000, 0.0011595
1000, 0.0011335
1000, 0.0021919
1000, 0.001514
1000, 0.0011995
1000, 0.0011724
1000, 0.0012518
1000, 0.0011711
1000, 0.001152
1000, 0.0011432
1000, 0.0013634
10000, 0.0292839
10000, 0.0227531
10000, 0.0340843
10000, 0.0222088
10000, 0.0246506
10000, 0.0218741
10000, 0.0261441
10000, 0.0229863
10000, 0.028049
10000, 0.027274
10000, 0.0237249
10000, 0.0210063
10000, 0.0253252
10000, 0.0209058
10000, 0.0217284
10000, 0.0205518
10000, 0.0201893
10000, 0.023155
10000, 0.0240858
10000, 0.0241937
10000, 0.0207956
10000, 0.0214869
10000, 0.0213786
10000, 0.0219863
10000, 0.02128
10000, 0.0238485
10000, 0.0231784
10000, 0.0214338
10000, 0.0233303
10000, 0.0220279
10000, 0.0228055
10000, 0.022725
10000, 0.0221476
10000, 0.0198524
10000, 0.0198104
10000, 0.0236999
10000, 0.0244728
10000, 0.0229734
10000, 0.0206863
10000, 0.0218777
10000, 0.0207785
10000, 0.0215807
10000, 0.0202031
10000, 0.0201538
10000, 0.0218189
10000, 0.0207652
10000, 0.0245249
10000, 0.0198994
10000, 0.0202394
10000, 0.020204
