Size, Runtime
10, 1.6e-06
10, 9e-07
10, 1e-06
10, 1.1e-06
10, 8e-07
10, 9e-07
10, 9e-07
10, 9e-07
10, 1e-06
10, 7e-07
10, 8e-07
10, 9e-07
10, 9e-07
10, 8e-07
10, 8e-07
10, 9e-07
10, 9e-07
10, 8e-07
10, 9e-07
10, 8e-07
10, 8e-07
10, 8e-07
10, 9e-07
10, 8e-07
10, 7e-07
10, 7e-07
10, 8e-07
10, 8e-07
10, 7e-07
10, 9e-07
10, 8e-07
10, 8e-07
10, 9e-07
10, 7e-07
10, 9e-07
10, 8e-07
10, 8e-07
10, 8e-07
10, 7e-07
10, 7e-07
10, 7e-07
10, 9e-07
10, 8e-07
10, 8e-07
10, 7e-07
10, 7e-07
10, 1e-06
10, 7e-07
10, 9e-07
10, 1e-06
100, 2.47e-05
100, 2.46e-05
100, 2.47e-05
100, 2.46e-05
100, 2.48e-05
100, 2.46e-05
100, 3.55e-05
100, 2.47e-05
100, 3.53e-05
100, 4.95e-05
100, 4.7e-05
100, 2.46e-05
100, 5.52e-05
100, 2.46e-05
100, 4.85e-05
100, 5.61e-05
100, 2.45e-05
100, 4.92e-05
100, 2.46e-05
100, 2.47e-05
100, 2.46e-05
100, 2.47e-05
100, 2.46e-05
100, 2.45e-05
100, 2.45e-05
100, 2.45e-05
100, 2.46e-05
100, 2.47e-05
100, 2.47e-05
100, 2.49e-05
100, 2.47e-05
100, 2.45e-05
100, 2.45e-05
100, 2.45e-05
100, 2.47e-05
100, 2.49e-05
100, 2.47e-05
100, 2.46e-05
100, 2.47e-05
100, 2.44e-05
100, 2.45e-05
100, 2.46e-05
100, 2.46e-05
100, 2.45e-05
100, 2.47e-05
100, 2.46e-05
100, 2.46e-05
100, 2.46e-05
100, 2.47e-05
100, 2.47e-05
1000, 0.0022275
1000, 0.0024359
1000, 0.0022568
1000, 0.0023389
1000, 0.0025577
1000, 0.0023333
1000, 0.0024964
1000, 0.0022728
1000, 0.0022634
1000, 0.0024193
1000, 0.0025457
1000, 0.0070066
1000, 0.0026513
1000, 0.0022662
1000, 0.0022829
1000, 0.0023455
1000, 0.0026227
1000, 0.0025398
1000, 0.0026139
1000, 0.0022492
1000, 0.0022652
1000, 0.002241
1000, 0.0022435
1000, 0.0023901
1000, 0.0023257
1000, 0.0022871
1000, 0.003911
1000, 0.0022453
1000, 0.0025243
1000, 0.0022933
1000, 0.0022337
1000, 0.0022765
1000, 0.0022446
1000, 0.0022971
1000, 0.0022412
1000, 0.0022516
1000, 0.0023318
1000, 0.0022453
1000, 0.0022386
1000, 0.0022893
1000, 0.0022724
1000, 0.0022655
1000, 0.0029037
1000, 0.0022617
1000, 0.0022711
1000, 0.0022612
1000, 0.0022398
1000, 0.0030499
1000, 0.0022733
1000, 0.0022821
10000, 0.23596
10000, 0.226489
10000, 0.231689
10000, 0.231314
10000, 0.225554
10000, 0.229438
10000, 0.230246
10000, 0.226284
10000, 0.227748
10000, 0.228441
10000, 0.228132
10000, 0.232245
10000, 0.24318
10000, 0.226095
10000, 0.23495
10000, 0.230299
10000, 0.230329
10000, 0.237221
10000, 0.227347
10000, 0.228196
10000, 0.226474
10000, 0.229246
10000, 0.231913
10000, 0.229349
10000, 0.226999
10000, 0.232051
10000, 0.227288
10000, 0.225397
10000, 0.230383
10000, 0.228174
10000, 0.227795
10000, 0.229001
10000, 0.226928
10000, 0.229585
10000, 0.226551
10000, 0.22655
10000, 0.22976
10000, 0.226967
10000, 0.230803
10000, 0.225832
10000, 0.22532
10000, 0.229685
10000, 0.226857
10000, 0.230258
10000, 0.226834
10000, 0.234396
10000, 0.228106
10000, 0.228309
10000, 0.229003
10000, 0.226834
