Size, Runtime
10, 1.3e-06
10, 9e-07
10, 8e-07
10, 8e-07
10, 7e-07
10, 9e-07
10, 7e-07
10, 8e-07
10, 8e-07
10, 9e-07
10, 8e-07
10, 8e-07
10, 8e-07
10, 7e-07
10, 8e-07
10, 7e-07
10, 8e-07
10, 9e-07
10, 9e-07
10, 9e-07
10, 9e-07
10, 7e-07
10, 8e-07
10, 8e-07
10, 7e-07
10, 7e-07
10, 7e-07
10, 8e-07
10, 7e-07
10, 8e-07
10, 8e-07
10, 8e-07
10, 7e-07
10, 7e-07
10, 9e-07
10, 8e-07
10, 8e-07
10, 8e-07
10, 7e-07
10, 7e-07
10, 8e-07
10, 7e-07
10, 8e-07
10, 8e-07
10, 7e-07
10, 7e-07
10, 7e-07
10, 8e-07
10, 7e-07
10, 8e-07
100, 2.39e-05
100, 2.4e-05
100, 2.39e-05
100, 2.39e-05
100, 2.41e-05
100, 2.4e-05
100, 2.39e-05
100, 2.39e-05
100, 2.39e-05
100, 2.41e-05
100, 2.41e-05
100, 2.42e-05
100, 2.39e-05
100, 2.39e-05
100, 3.21e-05
100, 2.39e-05
100, 2.39e-05
100, 2.4e-05
100, 2.4e-05
100, 2.4e-05
100, 2.39e-05
100, 2.38e-05
100, 2.39e-05
100, 2.4e-05
100, 2.4e-05
100, 2.4e-05
100, 3.14e-05
100, 2.39e-05
100, 2.41e-05
100, 2.39e-05
100, 2.4e-05
100, 2.39e-05
100, 2.39e-05
100, 2.39e-05
100, 2.4e-05
100, 2.4e-05
100, 2.39e-05
100, 2.4e-05
100, 2.4e-05
100, 2.39e-05
100, 2.43e-05
100, 2.4e-05
100, 2.41e-05
100, 2.4e-05
100, 2.4e-05
100, 2.39e-05
100, 2.39e-05
100, 2.39e-05
100, 2.38e-05
100, 2.38e-05
1000, 0.0022354
1000, 0.0022228
1000, 0.0024296
1000, 0.0022661
1000, 0.0024517
1000, 0.0022518
1000, 0.0022415
1000, 0.0023573
1000, 0.0022172
1000, 0.0022158
1000, 0.0042166
1000, 0.0022194
1000, 0.0024943
1000, 0.0022943
1000, 0.0022797
1000, 0.0024232
1000, 0.0022297
1000, 0.0023001
1000, 0.0025045
1000, 0.0022163
1000, 0.0022226
1000, 0.0022329
1000, 0.0022395
1000, 0.002418
1000, 0.0024723
1000, 0.0022746
1000, 0.0024892
1000, 0.0022353
1000, 0.0022373
1000, 0.0024564
1000, 0.0022678
1000, 0.0022342
1000, 0.0024367
1000, 0.0022793
1000, 0.0023689
1000, 0.0023067
1000, 0.0022644
1000, 0.0022593
1000, 0.0022336
1000, 0.0022163
1000, 0.0023516
1000, 0.0022475
1000, 0.0022156
1000, 0.0023093
1000, 0.0022226
1000, 0.0022273
1000, 0.0022204
1000, 0.002216
1000, 0.003269
1000, 0.0026192
10000, 0.225446
10000, 0.227153
10000, 0.231329
10000, 0.226898
10000, 0.22587
10000, 0.226907
10000, 0.225733
10000, 0.230275
10000, 0.22835
10000, 0.228812
10000, 0.225684
10000, 0.228506
10000, 0.227841
10000, 0.226728
10000, 0.226799
10000, 0.228202
10000, 0.22879
10000, 0.226347
10000, 0.228242
10000, 0.231449
10000, 0.22616
10000, 0.225705
10000, 0.227394
10000, 0.226076
10000, 0.232236
10000, 0.225495
10000, 0.226713
10000, 0.225695
10000, 0.228096
10000, 0.227349
10000, 0.225861
10000, 0.226248
10000, 0.225951
10000, 0.235368
10000, 0.241824
10000, 0.237431
10000, 0.227127
10000, 0.26883
10000, 0.244097
10000, 0.248146
10000, 0.228337
10000, 0.264229
10000, 0.228887
10000, 0.23709
10000, 0.231141
10000, 0.236404
10000, 0.229041
10000, 0.226878
10000, 0.228354
10000, 0.232671
