Size, Runtime
10, 1.5e-06
10, 9e-07
10, 1.1e-06
10, 1.1e-06
10, 1.1e-06
10, 1e-06
10, 9e-07
10, 1e-06
10, 9e-07
10, 1e-06
10, 1.1e-06
10, 9e-07
10, 1e-06
10, 1e-06
10, 1.1e-06
10, 1e-06
10, 1.1e-06
10, 1.1e-06
10, 1e-06
10, 1.1e-06
10, 1e-06
10, 9e-07
10, 1.1e-06
10, 9e-07
10, 9e-07
10, 9e-07
10, 1e-06
10, 9e-07
10, 1e-06
10, 1e-06
10, 1e-06
10, 1.1e-06
10, 1.1e-06
10, 1e-06
10, 1e-06
10, 9e-07
10, 1e-06
10, 9e-07
10, 1e-06
10, 9e-07
10, 9e-07
10, 1e-06
10, 8e-07
10, 1e-06
10, 9e-07
10, 1e-06
10, 9e-07
10, 1e-06
10, 9e-07
10, 1e-06
100, 2.74e-05
100, 2.72e-05
100, 2.7e-05
100, 2.75e-05
100, 2.77e-05
100, 2.73e-05
100, 2.74e-05
100, 2.76e-05
100, 2.7e-05
100, 2.76e-05
100, 3.54e-05
100, 3.83e-05
100, 2.74e-05
100, 2.77e-05
100, 2.76e-05
100, 2.76e-05
100, 2.76e-05
100, 2.75e-05
100, 2.74e-05
100, 2.76e-05
100, 2.71e-05
100, 3.52e-05
100, 2.76e-05
100, 2.73e-05
100, 2.76e-05
100, 2.75e-05
100, 2.78e-05
100, 2.75e-05
100, 2.73e-05
100, 2.74e-05
100, 2.73e-05
100, 3.52e-05
100, 2.74e-05
100, 2.75e-05
100, 2.78e-05
100, 2.7e-05
100, 2.74e-05
100, 2.73e-05
100, 2.73e-05
100, 2.75e-05
100, 3.55e-05
100, 3.83e-05
100, 2.73e-05
100, 2.73e-05
100, 2.73e-05
100, 2.72e-05
100, 2.77e-05
100, 2.76e-05
100, 2.76e-05
100, 2.76e-05
1000, 0.0022955
1000, 0.0023677
1000, 0.0022816
1000, 0.0029237
1000, 0.002382
1000, 0.0025521
1000, 0.0023488
1000, 0.0024022
1000, 0.0023853
1000, 0.0024085
1000, 0.0043769
1000, 0.0023003
1000, 0.0026648
1000, 0.0023219
1000, 0.0027553
1000, 0.0023705
1000, 0.0022835
1000, 0.0025869
1000, 0.0023807
1000, 0.0024581
1000, 0.0023086
1000, 0.0022945
1000, 0.0042244
1000, 0.0023142
1000, 0.0027105
1000, 0.0023417
1000, 0.0023181
1000, 0.0023094
1000, 0.0022768
1000, 0.003369
1000, 0.0023081
1000, 0.0022824
1000, 0.0031646
1000, 0.0022884
1000, 0.0026016
1000, 0.0029869
1000, 0.0029587
1000, 0.0030372
1000, 0.0024597
1000, 0.0024931
1000, 0.0022877
1000, 0.0022734
1000, 0.0022983
1000, 0.0023923
1000, 0.0032227
1000, 0.0023257
1000, 0.0025042
1000, 0.0022894
1000, 0.0022919
1000, 0.0023038
10000, 0.253229
10000, 0.249448
10000, 0.247748
10000, 0.249084
10000, 0.251733
10000, 0.251195
10000, 0.246187
10000, 0.245968
10000, 0.243472
10000, 0.247419
10000, 0.244218
10000, 0.235298
10000, 0.228543
10000, 0.2266
10000, 0.22873
10000, 0.232154
10000, 0.226616
10000, 0.227541
10000, 0.228473
10000, 0.226291
10000, 0.229451
10000, 0.227106
10000, 0.230123
10000, 0.228951
10000, 0.226371
10000, 0.228399
10000, 0.232115
10000, 0.241144
10000, 0.247619
10000, 0.246932
10000, 0.254593
10000, 0.248537
10000, 0.250754
10000, 0.262126
10000, 0.250658
10000, 0.246766
10000, 0.245504
10000, 0.250131
10000, 0.247593
10000, 0.249458
10000, 0.244122
10000, 0.245682
10000, 0.277025
10000, 0.245606
10000, 0.247322
10000, 0.243946
10000, 0.248823
10000, 0.250387
10000, 0.242091
10000, 0.261614
